0.636364D+00
-0.679546D-04 0.682834D+00
0.101739D+00 -0.415998D-03 0.194914D+00
-0.164607D+00 -0.517827D-01 -0.234041D-01 0.662545D+00
-0.111233D+00 -0.276665D+00 -0.261867D-01 -0.352319D-01 0.714877D+00
-0.237073D-01 -0.114753D-01 -0.702692D-01 0.128480D+00 -0.959940D-02 0.168851D+00
-0.265018D-01 -0.690381D-01 -0.836456D-02 -0.323585D+00 0.282545D-01 -0.633147D-01 0.654347D+00
-0.282018D-01 0.314417D-01 -0.602285D-02 -0.308325D-01 -0.128958D+00 -0.797691D-02 0.353118D-01 0.725633D+00
-0.773416D-02 -0.171951D-01 0.451570D-02 -0.637419D-01 0.692926D-02 -0.789854D-01 0.127183D+00 0.776282D-02 0.167110D+00
0.540406D-05 0.850490D-04 0.106895D-02 -0.260250D-01 0.304544D-01 -0.794893D-02 -0.174614D+00 0.116536D+00 -0.273067D-01 0.711881D+00
0.750558D-04 -0.638846D-01 0.753100D-04 0.703568D-01 0.320580D-01 0.179919D-01 0.569967D-01 -0.283975D+00 0.142110D-01 0.259236D-03 0.662975D+00
0.187686D-02 0.654003D-04 -0.573987D-02 -0.830911D-02 0.741680D-02 0.448481D-02 -0.270876D-01 0.287236D-01 -0.699755D-01 0.140438D+00 -0.326255D-03 0.171494D+00
-0.267414D-01 0.688564D-01 -0.854597D-02 -0.451839D-01 -0.270840D-01 -0.104859D-01 0.590597D-01 -0.194957D-01 0.128856D-01 -0.174155D+00 -0.567857D-01 -0.269006D-01 0.654491D+00
0.280355D-01 0.317449D-01 0.592314D-02 -0.262832D-01 -0.157948D-01 -0.668858D-02 0.198465D-01 -0.574707D-01 0.498152D-02 -0.116326D+00 -0.284617D+00 -0.283479D-01 -0.351937D-01 0.725471D+00
-0.784741D-02 0.171224D-01 0.445145D-02 -0.976678D-02 -0.681372D-02 -0.791281D-02 0.128478D-01 -0.479166D-02 0.990227D-02 -0.270235D-01 -0.138403D-01 -0.698847D-01 0.127245D+00 -0.861692D-02 0.167124D+00
-0.165122D+00 0.520853D-01 -0.235714D-01 0.559197D-01 0.196973D-01 0.126321D-01 -0.453351D-01 0.261845D-01 -0.985400D-02 -0.257433D-01 -0.705429D-01 -0.812680D-02 -0.323499D+00 0.301520D-01 -0.637437D-01 0.662285D+00
0.111570D+00 -0.276207D+00 0.266056D-01 -0.193447D-01 -0.588598D-01 -0.502373D-02 0.269699D-01 -0.156146D-01 0.680501D-02 -0.306330D-01 0.317135D-01 -0.749672D-02 -0.289284D-01 -0.128949D+00 -0.699051D-02 0.353432D-01 0.715200D+00
-0.239784D-01 0.118949D-01 -0.702970D-01 0.126576D-01 0.521900D-02 0.106384D-01 -0.105633D-01 0.667064D-02 -0.795189D-02 -0.782360D-02 -0.180728D-01 0.454340D-02 -0.632127D-01 0.792366D-02 -0.789799D-01 0.128289D+00 0.868090D-02 0.168761D+00
0.992572D-02 -0.137854D-01 0.153908D-02 -0.123967D+00 0.117221D+00 -0.216369D-01 -0.969771D-02 0.284148D-01 -0.310360D-02 -0.509623D-02 -0.121929D-02 -0.309972D-02 -0.846595D-03 -0.789791D-03 0.681026D-04 -0.588993D-03 -0.344699D-02 -0.181800D-02 0.128341D+00
0.156584D-01 -0.194341D-01 0.392339D-02 0.116861D+00 -0.267950D+00 0.288971D-01 -0.254491D-02 0.407232D-02 -0.668342D-03 -0.544398D-03 0.176034D-02 -0.150764D-03 -0.919716D-03 0.193256D-03 -0.223691D-03 -0.392770D-02 -0.315965D-02 -0.927331D-03 -0.126101D+00 0.283314D+00
0.804423D-03 -0.344234D-02 0.353950D-02 -0.213839D-01 0.291072D-01 -0.428709D-01 -0.318865D-02 0.704668D-02 0.287540D-02 -0.317907D-02 -0.209162D-03 0.680841D-02 -0.160371D-04 -0.227063D-03 -0.115140D-02 -0.167933D-02 -0.105214D-02 0.639257D-02 0.254267D-01 -0.311956D-01 0.320573D-01
-0.474636D-02 0.128199D-02 -0.293705D-02 -0.989816D-02 -0.285900D-01 -0.316694D-02 -0.124112D+00 -0.118232D+00 -0.210207D-01 0.114381D-01 0.152410D-01 0.194406D-02 -0.408339D-03 0.328284D-02 -0.192707D-02 -0.948315D-03 0.990410D-03 0.279278D-04 0.894408D-03 0.413821D-03 0.122774D-02 0.127561D+00
0.593977D-03 0.184256D-02 0.127203D-03 0.250090D-02 0.390545D-02 0.599808D-03 -0.118289D+00 -0.272059D+00 -0.284985D-01 -0.158294D-01 -0.183164D-01 -0.382777D-02 0.387827D-02 -0.326557D-02 0.966343D-03 0.991136D-03 0.206063D-03 0.244284D-03 -0.430834D-03 0.733824D-03 -0.114572D-03 0.127029D+00 0.286794D+00
-0.323480D-02 0.237536D-03 0.689180D-02 -0.325151D-02 -0.694886D-02 0.254075D-02 -0.210019D-01 -0.284808D-01 -0.428396D-01 0.202365D-02 0.374047D-02 0.389365D-02 -0.189749D-02 0.849972D-03 0.694414D-02 -0.357513D-05 0.233934D-03 -0.109838D-02 0.122287D-02 0.964321D-04 -0.384249D-02 0.246784D-01 0.305974D-01 0.320655D-01
0.763308D-03 0.454002D-05 0.472732D-03 0.837874D-03 0.305536D-02 -0.165106D-02 -0.102706D-01 -0.305942D-02 -0.335997D-02 -0.324461D+00 -0.447590D-03 -0.697337D-01 -0.102011D-01 0.300992D-02 -0.334775D-02 0.853555D-03 -0.304367D-02 -0.164396D-02 -0.585602D-03 -0.218054D-03 -0.173542D-03 0.550388D-03 0.239892D-03 0.112346D-02 0.342700D+00
0.282186D-05 -0.163155D-02 0.166511D-05 0.256427D-02 -0.461122D-02 0.641332D-03 0.279883D-01 0.474095D-02 0.681150D-02 -0.446853D-03 -0.597858D-01 -0.932461D-04 -0.280384D-01 0.465743D-02 -0.682610D-02 -0.255191D-02 -0.462987D-02 -0.620161D-03 0.140981D-02 0.765583D-04 0.367502D-03 -0.672403D-03 0.108558D-02 -0.173123D-03 0.482911D-03 0.587074D-01
0.230604D-03 0.000000D+00 -0.973938D-03 -0.156873D-02 0.780251D-03 0.713646D-02 -0.348766D-02 -0.611180D-03 0.276344D-02 -0.697148D-01 -0.931826D-04 -0.552906D-01 -0.343022D-02 0.596853D-03 0.277736D-02 -0.155924D-02 -0.759170D-03 0.714534D-02 -0.211555D-03 -0.374873D-04 0.343336D-04 0.113329D-02 0.488576D-04 -0.377740D-02 0.771240D-01 0.936570D-04 0.449071D-01
-0.474170D-02 -0.130638D-02 -0.292968D-02 -0.942524D-03 -0.993563D-03 0.312432D-04 -0.387612D-03 -0.327930D-02 -0.191767D-02 0.114369D-01 -0.151530D-01 0.196626D-02 -0.124770D+00 0.118595D+00 -0.213592D-01 -0.996772D-02 0.285456D-01 -0.322809D-02 -0.656282D-05 0.100425D-03 0.271369D-03 0.420064D-03 -0.807141D-03 0.678611D-04 0.549181D-03 0.673333D-03 0.113268D-02 0.128265D+00
-0.619045D-03 0.183738D-02 -0.124426D-03 -0.994104D-03 0.198878D-03 -0.247007D-03 -0.387474D-02 -0.328906D-02 -0.949410D-03 0.159172D-01 -0.183151D-01 0.388200D-02 0.118651D+00 -0.271280D+00 0.289382D-01 -0.254691D-02 0.399156D-02 -0.612227D-03 0.884498D-04 -0.521130D-05 0.187433D-04 0.811308D-03 -0.993289D-03 0.205502D-03 -0.238864D-03 0.108722D-02 -0.562643D-04 -0.127415D+00 0.285958D+00
-0.323174D-02 -0.236185D-03 0.688788D-02 0.000000D+00 -0.235854D-03 -0.109796D-02 -0.188941D-02 -0.830967D-03 0.695052D-02 0.199758D-02 -0.368938D-02 0.389367D-02 -0.213376D-01 0.289231D-01 -0.429580D-01 -0.326399D-02 0.693387D-02 0.252356D-02 0.274869D-03 0.207717D-04 -0.105929D-02 0.666281D-04 -0.202873D-03 0.160852D-03 0.112412D-02 0.165665D-03 -0.377983D-02 0.250400D-01 -0.310823D-01 0.321969D-01
0.991246D-02 0.138619D-01 0.151114D-02 -0.606121D-03 0.345084D-02 -0.182641D-02 -0.852859D-03 0.787697D-03 0.653286D-04 -0.510206D-02 0.119239D-02 -0.310179D-02 -0.962421D-02 -0.284583D-01 -0.304014D-02 -0.123321D+00 -0.116882D+00 -0.212759D-01 0.529795D-03 0.790369D-03 0.857348D-04 -0.615942D-05 -0.878334D-04 0.274897D-03 -0.582322D-03 -0.141236D-02 -0.208590D-03 0.894168D-03 0.434188D-03 0.122162D-02 0.127656D+00
-0.155743D-01 -0.194437D-01 -0.386312D-02 0.393009D-02 -0.313706D-02 0.944356D-03 0.918398D-03 0.198286D-03 0.221322D-03 0.518341D-03 0.176745D-02 0.153345D-03 0.249860D-02 0.398474D-02 0.653769D-03 -0.116513D+00 -0.268720D+00 -0.284201D-01 -0.786690D-03 -0.103199D-02 -0.161545D-03 -0.999135D-04 -0.586901D-05 -0.222986D-04 0.215626D-03 0.724684D-04 0.374837D-04 -0.410784D-03 0.733642D-03 -0.103212D-03 0.125737D+00 0.284144D+00
0.821109D-03 0.349306D-02 0.353955D-02 -0.169425D-02 0.106781D-02 0.638572D-02 -0.152711D-04 0.220938D-03 -0.115147D-02 -0.317757D-02 0.214641D-03 0.680550D-02 -0.317705D-02 -0.705321D-02 0.288397D-02 -0.210153D-01 -0.286437D-01 -0.427203D-01 0.874329D-04 0.164434D-03 0.434271D-03 0.271402D-03 -0.202152D-04 -0.105851D-02 -0.173069D-03 -0.367411D-03 0.357545D-04 0.122683D-02 0.107788D-03 -0.384009D-02 0.250434D-01 0.306718D-01 0.319120D-01
-0.209375D+00 -0.224447D-03 -0.410856D-01 -0.219433D-01 -0.651242D-02 -0.734840D-02 0.316003D-02 -0.344900D-02 -0.890395D-03 0.877189D-03 0.154572D-04 0.249112D-03 0.311544D-02 0.345440D-02 -0.886234D-03 -0.220051D-01 0.640919D-02 -0.740332D-02 0.958710D-03 0.184753D-02 0.150519D-02 -0.120070D-03 0.332546D-03 0.117058D-03 -0.106718D-03 0.000000D+00 0.408611D-03 -0.123112D-03 -0.332992D-03 0.119161D-03 0.969576D-03 -0.185099D-02 0.150434D-02 0.484485D+00
-0.295963D-03 -0.980920D-01 -0.363922D-04 -0.293592D-01 0.464123D-02 -0.646784D-02 -0.433077D-02 -0.468842D-02 -0.167501D-03 0.135626D-04 -0.283252D-02 0.504725D-05 0.433116D-02 -0.465472D-02 0.174767D-03 0.292549D-01 0.471689D-02 0.643074D-02 -0.851936D-03 0.616866D-03 -0.690257D-03 -0.150315D-02 0.793503D-04 -0.399999D-03 0.000000D+00 0.106818D-03 0.000000D+00 0.149869D-02 0.834916D-04 0.400917D-03 0.868559D-03 0.613999D-03 0.698170D-03 0.536100D-03 0.631031D+00
-0.461750D-01 -0.454225D-04 -0.863197D-01 -0.593590D-02 0.145581D-03 0.100744D-02 -0.229426D-02 -0.475345D-03 0.678131D-02 0.538715D-03 0.702586D-05 -0.111264D-02 -0.232251D-02 0.488461D-03 0.680566D-02 -0.600472D-02 -0.165603D-03 0.101435D-02 0.148038D-02 0.721208D-03 -0.304385D-02 -0.276069D-03 0.226884D-04 0.259619D-03 0.191498D-03 -0.125063D-05 -0.994891D-03 -0.279445D-03 -0.229788D-04 0.257692D-03 0.148461D-02 -0.730950D-03 -0.306315D-02 0.123025D+00 -0.868112D-03 0.427362D+00
-0.916628D-02 0.268884D-01 -0.151433D-01 0.151075D-02 0.182226D-02 0.110409D-02 -0.746652D-04 0.591106D-05 0.130262D-03 0.743082D-05 -0.103131D-04 -0.161427D-03 -0.576050D-03 0.123814D-02 0.839192D-03 -0.474531D-02 -0.188741D-02 -0.217062D-02 0.117287D-03 -0.102704D-02 -0.202695D-03 0.220196D-04 -0.277480D-04 -0.640326D-05 0.199912D-04 -0.834452D-04 -0.462642D-04 -0.453543D-03 0.209752D-05 -0.579694D-05 0.124555D-03 -0.581263D-04 -0.317386D-03 -0.711757D-01 0.662333D-01 -0.452635D-01 0.796446D-01
-0.471552D-03 0.169968D-02 -0.198616D-02 -0.129986D-02 0.672804D-03 -0.802512D-03 0.473804D-03 0.107834D-03 -0.201895D-03 -0.557621D-04 0.259991D-03 -0.784883D-04 -0.254469D-03 0.829516D-04 -0.392718D-04 0.611296D-04 0.221891D-03 0.410599D-03 0.164970D-03 0.294552D-03 0.411687D-03 0.233140D-04 -0.413435D-05 0.446856D-04 -0.209165D-05 0.406328D-04 0.107182D-03 0.000000D+00 0.751237D-05 0.199137D-04 -0.145467D-03 0.394754D-03 -0.182238D-04 0.644355D-01 -0.240380D+00 0.107940D+00 -0.703086D-01 0.249995D+00
-0.166995D-02 0.480393D-02 -0.192282D-03 0.800210D-03 0.540695D-03 0.179549D-03 -0.210465D-03 -0.119644D-03 0.858644D-04 0.122902D-03 -0.352675D-03 0.396083D-04 0.578975D-03 0.573722D-03 -0.118153D-03 -0.100228D-02 -0.528249D-03 0.411807D-03 -0.207495D-03 -0.465327D-03 -0.107722D-03 0.116365D-04 0.165448D-04 -0.237233D-04 0.206022D-04 -0.300380D-04 0.283289D-04 -0.426927D-04 -0.253994D-04 -0.782245D-04 -0.471975D-04 0.225818D-03 0.110537D-03 -0.410389D-01 0.103288D+00 -0.105251D+00 0.384633D-01 -0.117908D+00 0.125110D+00
-0.911075D-02 -0.270614D-01 -0.148799D-01 -0.478235D-02 0.186812D-02 -0.217949D-02 -0.563806D-03 -0.125159D-02 0.831882D-03 0.116802D-04 0.140836D-04 -0.158651D-03 -0.739240D-04 0.000000D+00 0.122818D-03 0.151554D-02 -0.182649D-02 0.110243D-02 0.124783D-03 0.590766D-04 -0.312856D-03 -0.455423D-03 -0.298758D-05 -0.658398D-05 0.193485D-04 0.839115D-04 -0.452425D-04 0.217412D-04 0.275393D-04 -0.645947D-05 0.112033D-03 0.103146D-02 -0.201549D-03 -0.710951D-01 -0.665244D-01 -0.444359D-01 0.410178D-02 0.853851D-02 0.425582D-02 0.795362D-01
0.460303D-03 0.162416D-02 0.194465D-02 -0.659983D-04 0.234765D-03 -0.411680D-03 0.257371D-03 0.778275D-04 0.351962D-04 0.553537D-04 0.257202D-03 0.766217D-04 -0.465630D-03 0.113859D-03 0.200788D-03 0.130959D-02 0.676928D-03 0.797956D-03 0.144563D-03 0.391998D-03 0.220378D-04 -0.230657D-05 0.790101D-05 -0.192836D-04 0.186042D-05 0.407580D-04 -0.105310D-03 -0.235208D-04 -0.444250D-05 -0.441991D-04 -0.168134D-03 0.302161D-03 -0.408254D-03 -0.647365D-01 -0.242694D+00 -0.106560D+00 -0.847484D-02 -0.190565D-01 -0.126520D-01 0.705419D-01 0.252579D+00
-0.168675D-02 -0.483981D-02 -0.186409D-03 -0.100392D-02 0.526957D-03 0.430576D-03 0.575185D-03 -0.569979D-03 -0.114380D-03 0.119181D-03 0.349088D-03 0.387609D-04 -0.205244D-03 0.116309D-03 0.838219D-04 0.800700D-03 -0.543663D-03 0.166984D-03 -0.473277D-04 -0.229725D-03 0.106441D-03 -0.422779D-04 0.248793D-04 -0.799294D-04 0.206767D-04 0.298722D-04 0.285389D-04 0.123014D-04 -0.163690D-04 -0.235615D-04 -0.209257D-03 0.463818D-03 -0.102128D-03 -0.402643D-01 -0.101911D+00 -0.103089D+00 0.433235D-02 0.129615D-01 0.103806D-01 0.376316D-01 0.116628D+00 0.122665D+00
-0.342093D-01 0.140255D-03 0.244711D-01 0.122858D-02 0.246681D-02 0.102289D-02 -0.422841D-03 0.545869D-03 -0.135779D-02 -0.154070D-03 0.795158D-05 0.116744D-03 -0.438528D-03 -0.549661D-03 -0.136897D-02 0.122057D-02 -0.247799D-02 0.104019D-02 0.354435D-04 -0.219968D-03 0.406976D-03 -0.514988D-04 -0.532242D-04 -0.365438D-04 -0.482106D-04 0.000000D+00 0.136807D-03 -0.535202D-04 0.526992D-04 -0.396180D-04 0.335117D-04 0.218626D-03 0.410169D-03 -0.407631D-01 0.960067D-04 0.209082D-01 -0.346877D-02 -0.415217D-03 0.395169D-02 -0.347118D-02 0.460354D-03 0.394853D-02 0.469057D+00
0.519515D-04 0.240738D-03 0.682212D-04 -0.111020D-02 -0.370582D-03 -0.324395D-03 0.757193D-03 -0.204373D-03 -0.196570D-03 -0.429778D-05 0.647489D-03 -0.141858D-05 -0.747550D-03 -0.203268D-03 0.199305D-03 0.108778D-02 -0.348446D-03 0.320572D-03 -0.582987D-04 0.132266D-03 0.181156D-03 0.000000D+00 -0.414612D-05 0.338988D-05 0.000000D+00 0.369114D-04 0.000000D+00 0.000000D+00 -0.402799D-05 -0.417024D-05 0.568760D-04 0.132917D-03 -0.186053D-03 -0.115039D-03 -0.456722D-01 -0.539290D-03 -0.144813D-01 0.492168D-02 0.231988D-01 0.146670D-01 0.468800D-02 -0.235767D-01 -0.275971D-04 0.377831D-01
0.933486D-02 0.759880D-04 0.136417D-01 -0.255116D-02 -0.145275D-02 -0.682993D-03 0.712428D-03 -0.689043D-03 -0.307089D-03 -0.267400D-03 -0.359247D-05 0.159503D-04 0.717744D-03 0.700259D-03 -0.310699D-03 -0.257613D-02 0.144003D-02 -0.712456D-03 0.632018D-04 -0.159216D-04 0.303877D-04 -0.999985D-04 -0.539642D-05 -0.466915D-04 -0.221463D-04 0.000000D+00 -0.127711D-05 -0.101848D-03 0.509077D-05 -0.451479D-04 0.603808D-04 0.194081D-04 0.303854D-04 -0.235550D-01 -0.544226D-03 -0.157002D+00 0.176269D-01 0.400111D-03 -0.334742D-01 0.174648D-01 -0.782075D-03 -0.331772D-01 0.316905D-01 0.115780D-02 0.284758D+00
-0.264846D-02 0.625590D-04 0.100595D-01 -0.501815D-03 0.135470D-02 -0.483441D-05 -0.149038D-03 0.148077D-04 -0.809213D-03 -0.307217D-03 0.000000D+00 0.884556D-04 -0.149033D-03 -0.138851D-04 -0.812269D-03 -0.517569D-03 -0.135769D-02 0.000000D+00 -0.137674D-03 -0.227914D-03 0.408010D-03 -0.139963D-03 -0.372071D-04 -0.693783D-04 -0.376008D-04 0.000000D+00 0.106309D-03 -0.141168D-03 0.364487D-04 -0.696408D-04 -0.137114D-03 0.225909D-03 0.406772D-03 -0.568578D-01 0.337443D-04 0.535909D-02 0.411195D-02 -0.744981D-03 -0.398620D-02 0.410940D-02 0.705605D-03 -0.398147D-02 -0.388494D+00 -0.764176D-04 -0.484972D-01 0.441998D+00
0.157989D-04 0.209348D-02 -0.335741D-04 0.908858D-04 -0.241359D-03 -0.571422D-04 0.303465D-03 -0.117587D-04 0.119773D-03 0.000000D+00 0.287283D-03 0.000000D+00 -0.302597D-03 -0.133380D-04 -0.113435D-03 -0.840197D-04 -0.237683D-03 0.594107D-04 0.272122D-04 -0.468236D-05 -0.623437D-04 0.262731D-04 -0.619034D-05 0.350915D-04 0.000000D+00 0.571008D-05 0.000000D+00 -0.251734D-04 -0.653652D-05 -0.350295D-04 -0.260425D-04 -0.574737D-05 0.583869D-04 0.190504D-03 -0.287615D-02 0.848129D-04 0.168738D-03 0.741768D-03 -0.565895D-03 -0.164922D-03 0.759799D-03 0.587049D-03 -0.244929D-03 -0.177611D-02 -0.305737D-03 0.242812D-04 0.129151D-02
0.445865D-02 -0.422185D-04 -0.440273D-02 0.672674D-03 -0.496250D-03 0.164666D-03 0.993279D-04 0.143670D-03 0.340764D-03 0.132564D-03 -0.214349D-05 -0.141268D-04 0.104061D-03 -0.143290D-03 0.343005D-03 0.678592D-03 0.504087D-03 0.162656D-03 -0.380653D-04 0.908609D-04 -0.202978D-03 0.109092D-03 0.213836D-04 0.104775D-04 0.281582D-04 0.000000D+00 -0.387053D-04 0.110008D-03 -0.209115D-04 0.110228D-04 -0.378630D-04 -0.898677D-04 -0.202100D-03 0.355439D-01 0.879794D-04 0.163888D-01 0.821294D-03 -0.126086D-02 0.289862D-02 0.817268D-03 0.127790D-02 0.287179D-02 -0.853010D-01 -0.299942D-03 -0.727159D-01 0.418013D-01 0.229522D-03 0.543848D-01
